17575
13584
51996
37208
57586
45215
47062
17484
3861
37324
42529
14383
48647
53553
40622
57263
10492
55703
20361
32479
28635
46417
47557
16343
48721
26377
42230
36686
37941
63546
26814
29016
58338
37976
7844
50645
65343
20280
37593
9139
16242
39784
49224
59387
5963
41574
28321
54358
51740
37162
49075
34312
22947
61285
26302
46353
49873
29618
43194
31018
17391
45731
37392
22989
60490
65218
27964
9780
63272
54278
4221
5050
40659
65209
8007
27439
59917
7175
41247
49745
2990
9746
2723
58445
60057
1684
61876
52416
19733
64999
33371
33525
32498
24902
31368
59576
33534
26166
65018
18411
28619
33478
13624
19875
18990
16066
4507
20448
59191
4453
8178
62917
20559
15840
25351
18395
6233
16201
18997
39115
42239
44673
64875
52557
54660
6834
6941
7615
44310
52043
19585
13263
54185
4407
40123
23669
19102
45212
38685
43194
39717
3329
56085
10466
57652
27568
2174
45884
20306
41819
53442
52466
23503
33125
14046
40331
34672
42028
61000
18369
15905
25405
40212
27217
27845
64044
1185
58208
6423
44452
44110
38784
13059
13274
16028
62592
28452
46745
61997
5659
51550
15772
57338
57775
12894
59448
20178
36030
21464
52612
46195
57850
35743
40669
23961
12486
38327
49564
29718
15649
34598
50871
668
16524
63268
14787
58785
14788
39027
16673
34370
28422
14686
34415
12991
20505
42073
11798
51036
24493
15893
7651
46431
43550
25975
37505
54183
42915
32718
43447
32896
29792
36007
30808
42419
42840
64092
59058
2600
1214
62462
37294
56959
63020
19410
33108
42854
26307
39035
39994
4175
2015
51086
20896
65169
28547
54136
16123
38801
10692
3620
22774
12075
5398
31361
57323
3522
62454
32346
44307
12816
26639
8481
64504
6598
53539
31861
2945
57309
14241
46532
57275
49161
19865
7825
10513
7867
6976
6091
15240
23657
29867
17851
61741
62450
22252
4702
61922
7879
41373
36100
53530
39160
53644
23731
43901
15009
53162
49367
56174
16087
7916
56761
12342
63802
41695
49713
2140
56868
29004
30323
16576
34069
6594
53908
6046
19690
8350
873
45300
38104
5663
18126
41238
55083
22490
6912
52976
4815
45418
34803
45420
49651
25341
19351
46979
32175
40823
6941
59468
29717
2724
16835
5261
1614
47263
8654
28171
31496
25694
19458
58951
23916
8824
26136
16063
17801
33046
9922
25770
48074
29877
36560
14641
14571
27957
55442
47719
60959
42478
35193
6176
47425
2157
43996
22297
5554
33350
37052
64711
55251
21814
127
55978
23978
60485
30596
31120
40564
627
50461
10274
7253
11855
2579
7280
22969
7134
58637
582
46832
12692
26554
20574
55089
19
56611
45248
9673
34152
12543
3527
18438
62821
63198
37059
9644
49227
18256
14863
23476
63711
24216
8282
64256
59944
42144
50793
12741
44298
26323
2005
10757
19844
33410
38564
62635
41069
53183
57607
44818
17318
41379
63673
19262
32202
55174
67
4303
19962
949
65063
20841
6818
11542
20306
7610
5412
54065
22648
29707
49785
40021
24267
17797
46242
34165
29309
24350
36830
28686
11909
17932
4056
32052
24592
10402
7743
4864
53779
21240
52203
37947
58999
1518
25093
28369
633
63062
61404
64750
20397
9291
65145
58591
58004
42921
6815
56598
62255
45325
888
33315
47072
32320
46406
56543
24345
47250
38653
15531
7566
29410
34152
42519
54434
18118
45292
40532
17442
23573
35420
63755
23383
7978
47558
15829
9219
12160
7675
36257
1681
30071
36640
52289
9652
6729
59379
28805
10507
19272
11007
19069
42669
45415
20711
60802
6821
31365
60801
12148
60917
53808
51435
24927
58524
65382
21106
58606
38915
51902
25349
32485
41177
51265
44714
1615
15758
2276
64983
43995
39199
11403
27489
14779
7482
56777
28561
7190
15142
12222
6094
20813
56414
56167
61894
14848
50951
57337
37822
40809
1868
61574
22496
48413
13683
29601
34816
3673
54745
44787
28969
34941
13208
17493
23495
39089
56580
5883
21953
3111
15048
26853
55397
13624
49922
55938
17386
28123
47645
31556
46855
9806
48912
18737
8576
11978
203
2697
26180
57861
43729
65161
43930
23823
6111
21626
28603
30061
44816
63981
56457
41242
634
9537
2048
23238
8753
65507
5839
41041
60395
10044
32157
14241
689
792
12724
16271
41770
32782
28143
56592
38005
56056
39579
18772
25486
21337
57615
12666
3017
48344
23603
56516
21197
42706
45088
24766
56663
50189
814
54220
19613
11923
58285
52385
15987
21603
1569
9
35965
48085
2549
48325
40314
18901
35996
46920
34436
25472
57154
47769
24117
46978
12223
43458
51268
62780
1203
56080
62062
28460
38083
25952
2830
1759
60448
62721
31530
43468
36934
15016
47408
43898
37351
59515
31548
61704
55124
28985
2043
59482
6111
43132
51238
55438
8556
56016
28837
7599
54967
44502
53873
11683
1291
56668
49750
58311
1404
55072
37616
623
50815
64910
16376
20734
43285
32523
59056
25041
50939
52450
15506
14292
6112
49024
59244
34753
16436
57128
29003
45013
65494
27978
56011
12690
32524
5358
55395
10029
34760
21829
42711
63631
56839
6498
12461
20012
54957
43342
22103
45267
22162
27527
28006
26894
1553
22627
7173
30033
40530
43992
15996
63415
18188
17086
28623
24932
27665
12470
36230
11862
52076
55256
21913
63333
44537
5424
17429
27913
55012
45459
39215
56098
12577
3851
61475
49151
13937
11526
53074
54827
30914
23071
58294
29869
15949
54942
14370
4949
18802
61538
15622
64534
22807
48285
13131
7654
47952
5951
56506
42295
9488
24604
53925
30790
31741
1037
45073
13856
5779
2590
15433
36159
18370
64195
56580
3395
39196
48992
63797
22016
34641
54088
20148
16377
45722
60139
524
20110
28144
17134
55484
7783
16080
7316
22406
14670
59911
41218
43052
40988
62211
58868
14498
49609
14424
7793
333
32803
31801
62854
38066
17894
61533
37376
22907
14957
13521
3309
11198
60460
61088
2956
46241
44986
8234
21649
60405
46288
38895
23116
52786
61551
5540
56351
32530
25243
36558
37649
64939
37380
17980
52372
42734
61432
6808
27902
63218
65005
37506
60882
64690
50090
11793
64562
32553
23603
30896
42756
57945
65530
12661
60247
61112
5915
48405
36411
64115
5736
29243
54820
57783
30862
20791
61705
18013
16674
24850
53294
51182
36137
26686
32015
8026
41686
38108
29854
7708
19485
6559
21689
39759
38043
57262
5299
64058
65099
27924
